[0.00], [373.00],
[0.10], [368.12],
[0.20], [363.48],
[0.30], [359.07],
[0.40], [354.87],
[0.50], [350.88],
[0.60], [347.08],
[0.70], [343.47],
[0.80], [340.03],
[0.90], [336.76],
[1.00], [333.65],
[1.10], [330.69],
[1.20], [327.88],
[1.30], [325.20],
[1.40], [322.66],
[1.50], [320.24],
[1.60], [317.93],
[1.70], [315.74],
[1.80], [313.66],
[1.90], [311.67],
[2.00], [309.79],
[2.10], [307.99],
[2.20], [306.29],
[2.30], [304.66],
[2.40], [303.12],
[2.50], [301.65],
[2.60], [300.25],
[2.70], [298.92],
[2.80], [297.66],
[2.90], [296.46],
[3.00], [295.31],
[3.10], [294.22],
[3.20], [293.19],
[3.30], [292.20],
[3.40], [291.27],
[3.50], [290.38],
[3.60], [289.53],
[3.70], [288.72],
[3.80], [287.96],
[3.90], [287.23],
[4.00], [286.53],
[4.10], [285.87],
[4.20], [285.25],
[4.30], [284.65],
[4.40], [284.08],
[4.50], [283.54],
[4.60], [283.03],
[4.70], [282.54],
[4.80], [282.07],
[4.90], [281.63],
[5.00], [281.21],
[5.10], [280.81],
[5.20], [280.43],
[5.30], [280.07],
[5.40], [279.72],
[5.50], [279.39],
[5.60], [279.08],
[5.70], [278.78],
[5.80], [278.50],
[5.90], [278.23],
[6.00], [277.98],
[6.10], [277.74],
[6.20], [277.50],
[6.30], [277.29],
[6.40], [277.08],
[6.50], [276.88],
[6.60], [276.69],
[6.70], [276.51],
[6.80], [276.34],
[6.90], [276.17],
[7.00], [276.02],
[7.10], [275.87],
[7.20], [275.73],
[7.30], [275.60],
[7.40], [275.47],
[7.50], [275.35],
[7.60], [275.24],
[7.70], [275.13],
[7.80], [275.02],
[7.90], [274.93],
[8.00], [274.83],
[8.10], [274.74],
[8.20], [274.66],
[8.30], [274.58],
[8.40], [274.50],
[8.50], [274.43],
[8.60], [274.36],
[8.70], [274.29],
[8.80], [274.23],
[8.90], [274.17],
[9.00], [274.11],
[9.10], [274.06],
[9.20], [274.01],
[9.30], [273.96],
[9.40], [273.91],
[9.50], [273.87],
[9.60], [273.82],
[9.70], [273.78],
[9.80], [273.74],
[9.90], [273.71],
[10.00], [273.67],
